        num_layers  steel_ratio
label                          
1               17       0.6784
2               17       0.4848
3               16       0.7366
4               18       0.5515
5               18       0.6004
6               17       0.8351
7               17       0.7780
8               16       0.8152
9               18       0.8195
10              14       0.8168
11              18       0.5953
12              15       0.7971
13              18       0.7369
14              16       0.8980
15              15       0.8580
16              17       0.9340