       preshower_steel_value  division_layer_number
label                                              
1                    18.2374                      2
2                    64.7772                      7
3                    38.1866                      7
4                    10.0000                      1
5                    44.3993                      4
SQ                   55.5000                      3
6                    56.1558                      5
7                    58.8015                      2
8                    28.7859                      3
9                    73.7818                      2
10                   50.5705                      1
11                   60.6532                      4
12                   39.2823                      4
13                   51.0303                      4
14                   76.8097                      1
15                   78.8729                      3